14994:
1805833
1925187
818554
1828683
818484
23117
372418
1314307
373163
1928140
740412
2502149
1343286
757776
14995:
850625
216002
14996:
964886
874030
1040414
208824
1740743
1143164
1586667
1356170
2363782
997358
1253088
658792
1601822
1494880
164433
2609934
77381
951257
1752872
14997:
1119439
2514327
883406
1000181
2306367
349385
597686
14998:
1127465
14999:
862800
798181
808256
1860007
139053
1017542
1961542
112963
1644806
794292
1636115
180151
222908
1899540
932347
2256808
898954
567904
2422323
1733863
1015371
1465275
2274842
180314
676175
611730
1827572
243914
1153533
555794
818102
1219595
366844
1787686
1101236
1421304
259892
2555342
15:
1471457
616735
1919493
1714526
46869
150:
854925
642612
1338638
1500:
2223218
1384252
1914154
238342
1786169
2363005
2498139
1828746
2094871
556940
1463875
1855889
840469
327874
1104185
481794
593028
500445
1902861
2551538
199323
762548
1205647
216934
15000:
118871
1391022
2007973
2022958
210055
15001:
9174
224246
711031
2107493
1377848
1166601
1501175
1352682
2147907
84413
413845
2470242
212136
1669842
112636
515918
1833553
1706071
2554101
2086685
1910025
1184129
2267930
182268
625417
740172
61850
15002:
801926
15003:
2235949
2313058
15004:
1090250
2041712
2605498
1020711
519957
1623135
15005:
1725470
15006:
1902380
1604072
1464449
1402480
1861679
1730774
531870
900761
1211291
15007:
1728135
1574865
1921856
363731
1868586
1431678
885010
1031004
2244566
1615089
624265
132829
1280149
2389989
517822
881622
159337
2579285
693510
780711
797279
15008:
1447783
2144324
1232022
445961
185893
1308335
918312
2043775
2122335
1697510
15009:
1704062
1562593
373938
2233304
1353002
1994184
1245222
747102
2571309
1858850
793579
1831599
1732776
2588966
2356503
1527055
1274115
2022494
2159912
807418
26969
1597680
858858
700848
1501:
1089184
336696
2256602
2460980
2271532
998863
1739691
1664859
756108
2570808
625270
782336
2614769
213464
2253652
1044050
1073300
2350569
138622
15010:
624017
776655
113549
1952746
2140297
2475622
468908
1834472
970533
2421801
2002803
2255136
497816
405346
56025
2097983
1001689
2514260
2582551
350152
1004209
683068
1332150
1812055
715095
1693881
131395
160881
1595626
1779860
2170873
92545
1573631
1085467
1969816
1086721
1782434
2353964
919245
89748
767318
930863
2555729
685876
1039784
2567055
2326358
2121232
648698
239726
282256
1771241
2583420
800754
405979
1627033
956283
1013953
2401958
384538
1656529
187288
1133235
242681
32477
1030572
1166250
297393
2281174
931341
15011:
970174
1852534
633317
418243
15012:
260484
1709120
1007197
1819060
15013:
2537219
2075595
290875
2125470
2041839
1556389
1458907
2167582
2240338
1211006
673531
1168059
1229877
1824048
208626
1745247
428092
1480681
656586
2061829
1772948
2138853
2610202
535192
105542
99107
2055283
750337
26706
426531
1617298
2292257
15014:
395100
2454576
2364490
1621848
2193491
1094591
2470991
1975372
1469433
1980654
1485830
2175219
816995
1341902
2311747
852524
1818008
425561
534766
774901
681815
702280
1263213
734784
1957137
2060067
1222672
1891695
1827314
1084427
2630875
736057
1509877
352530
1118217
880961
1927026
1558059
1301885
434778
2137306
541698
693524
2341525
2237292
1743319
688767
523615
898629
854575
486058
2475664
961130
900093
411385
1614926
1752355
1631720
1843440
1061195
1170060
2501026
762904
370052
501914
630600
15019:
1908123
1502:
811535
1181115
2598456
2021195
1946810
2358256
1520235
1649111
847615
448967
743505
2462672
159410
1830405
356285
1489065
1044851
223697
2442089
1760873
1166047
1896628
56977
169540
2116989
2002821
847766
678516
187154
776242
1527076
1874950
604343
1036727
557113
1224670
2056761
1175346
716976
2025033
1005166
1213837
284651
1308969
1151665
1845565
2395761
2216926
69996
447836
94189
2315749
1595152
608769
208121
793406
2395097
1673188
904084
1531467
1602599
1115423
1943954
76047
1110421
2398448
543253
1417406
1529715
1379106
595094
861900
2499043
1133943
1839469
1717283
2229201
80697
2590598
2463672
170487
2599163
838725
1205952
487133
1214570
15233
1583102
1811688
32069
1708200
1546496
1410328
806395
2101070
2621442
2063479
1211000
1970161
2300191
2592025
1040779
2143322
163166
264304
939360
1435990
590872
993566
466486
1128178
414345
877068
724154
2162287
1884287
2632377
508346
1449361
1130221
1431912
725283
713765
549141
135570
1219581
458457
1169771
2183732
2296268
552492
377582
1365128
2521425
470992
1228766
296307
1701337
2310762
1435722
1003206
312741
2186818
2075387
2564260
1630981
2370571
702981
2410073
231467
679133
1674062
378466
1927892
1754513
1818506
32902
2311525
849966
1812378
315665
1380211
2396252
172483
1647925
1157919
1985253
2475099
1961230
1164005
969998
1906332
629874
813189
2600146
509219
927303
2289375
490904
15020:
2459993
15021:
628792
955974
1744653
15022:
2590061
804930
2248947
1719139
15023:
1792226
100126
15024:
540438
1256151
1921022
2223722
127674
1622457
2337041
645534
252761
15025:
773853
2628749
635421
775383
640829
15026:
1499741
991896
1494737
2553910
2223740
651119
1637013
475151
327796
132951
1761955
758451
329682
1942622
487990
1653937
782502
868882
2121720
2131536
1792684
525666
1029222
133263
15027:
1517797
2241715
2297494
1928107
1834549
795445
1527919
224348
2344901
2147648
586935
15028:
1825068
1213299
2214382
1228696
998376
532297
1352447
1409125
1994254
2018764
1054301
1744043
995456
2293933
71288
967190
1010799
670374
2263705
961046
1343971
2562907
2389783
1473070
30493
150806
1534682
1768590
183521
2210267
1206624
966222
1854658
280320
2078996
1498723
395176
296675
974174
1557622
1183998
1889193
1592633
151153
1114617
357056
733228
2477283
2605939
1353240
407525
823075
1351637
1805939
482324
1767905
493552
885011
263839
137259
2120064
243499
983674
1222811
1383744
796526
1713184
640328
2427055
738725
15029:
533405
424025
347825
697254
57911
1824966
2207706
1064979
1083140
1739440
1691736
943166
733016
2252499
1790796
1970236
1007913
944904
368212
2318263
1772340
292800
537339
1157580
1273231
1503:
1504062
1058020
661040
125713
361467
1732257
990552
2271399
197851
1212335
1616913
2517398
1782495
1462826
121765
820188
2468399
638138
341626
1344511
1014812
343175
1791534
2290264
41422
1572040
590114
2579331
2188194
2548517
336616
40575
890741
1334851
1434336
1337228
1955337
15030:
571570
901425
15031:
1712329
810595
1553445
19077
883208
2468514
2355266
1889002
1181683
126192
300976
486261
1806252
9630
1047110
1185721
838615
1631596
575430
2009876
2380246
1951199
1656752
1879777
797678
825233
1742931
2187041
1088755
1525155
1817481
383521
1677612
988548
694153
1490163
363425
1938491
1845680
1012474
585945
219118
262992
746694
1523894
354896
2124515
1396655
15032:
53079
15033:
608920
1991616
1727433
1082169
1236277
640806
2354262
1235356
1631898
1836960
1768554
268837
2240676
303002
2171544
2280081
15034:
1331107
18851
899596
2082244
1939431
2478631
142
2253618
2049015
1041674
26471
2529959
332231
2457390
1621023
2527422
450743
465491
1076259
1396311
2620616
415543
1906376
2404918
2457879
2394268
15035:
2105699
211761
35802
914513
2018046
726952
1184995
1142075
2206174
1471733
610510
663193
459448
1419059
2621771
927341
722211
12158
1382523
2161800
1985504
1039872
2267439
793961
603803
968412
2000190
708679
1458042
2640902
350120
501312
543672
1713727
2251747
830883
2151488
1586474
1420189
2068955
744254
957152
742358
859490
701584
2599689
397549
295692
15036:
1987110
1008920
1526027
1804787
2175492
1042430
650827
1234452
325345
678306
2554542
2587824
705246
1927008
2138944
1710302
1393494
488614
1169771
1908354
765527
2641534
473968
853151
832960
2373901
836999
862183
2570172
2096512
1652051
942304
579343
15037:
1756658
436239
2311656
180994
498370
1866637
2310674
1528668
2542073
1623991
1714951
892535
1879796
2319239
2472069
1053758
2279327
2634530
1578055
583665
730230
302709
2518804
956492
1718989
1321277
2416452
1074775
1994762
49927
1274579
1222182
580817
966607
2447769
114701
206416
1985
2009028
376024
1064279
1496277
1414746
454129
2526075
1820892
433130
2219648
1433433
1808936
2587334
2255907
2524111
2032263
310066
1288727
521567
580251
624245
715352